620 620
19.678203
0.660578 -0.263480 0.703004 0.000000
-0.239802 0.813291 0.530144 -0.000000
-0.711429 -0.518784 0.474059 -0.000000
0.000000 0.000000 0.000000 1.000000
