800 600
43.424356
0.720534 0.668151 0.185485 0.000000
-0.689491 0.718778 0.089220 -0.000000
-0.073710 -0.192176 0.978588 0.000000
0.000000 0.000000 0.000000 1.000000
