640 640
24.156659
-0.855747 -0.444339 0.265065 -0.000000
0.026050 0.474656 0.879785 0.000000
-0.516737 0.759779 -0.394611 -0.000000
0.000000 0.000000 0.000000 1.000000
