800 600
36.624356
-0.646745 0.762555 -0.015222 -0.000000
0.104170 0.068543 -0.992195 0.000000
-0.755559 -0.643282 -0.123765 0.000000
0.000000 0.000000 0.000000 1.000000
