411 600
48.124356
0.960685 -0.210567 0.180958 0.000000
0.105953 0.880492 0.462068 0.000000
-0.256628 -0.424729 0.868186 0.000000
0.000000 0.000000 0.000000 1.000000
