800 600
36.624356
0.884544 0.456208 -0.097237 0.000000
0.451260 -0.889704 -0.069219 0.000000
-0.118091 0.017348 -0.992851 -0.000000
0.000000 0.000000 0.000000 1.000000

